     count    mean_size       size    percent
DHH     27  1493.222222      40317   0.006786
DTA     53   762.716981      40424   0.006804
DTC  29750  4668.576504  138890151  23.378164
DTH   1861  1015.502418    1889850   0.318102
DTM   3457  1016.628290    3514484   0.591562
DTT   6945   257.355652    1787335   0.300846
DTX   4331   526.915493    2282071   0.384121
DXX    482  1072.278008     516838   0.086995
RIX   4437  2158.022312    9575145   1.611700
RLC  22463  8918.377910  200333523  33.720389
RLG  60531  8701.187705  526691593  88.653387
RLX   5918  5366.494762   31758916   5.345700
SIX    271   342.715867      92876   0.015633
XXX   9487  1424.719933   13516318   2.275084

112744 / 150013